8890 2300 3190
2820 9850 9370
360 3630 5610
7290 1840 5000
2650 6080 5160
9480 3210 10
2820 7120 7500
9100 830 140
670 4030 5330
3140 9720 2860
5440 2910 1840
8810 5810 4250
5970 1420 7070
7810 9940 950
3890 8630 8250
620 8640 4420
7740 9660 3910
2100 9800 250
6130 5130 9360
5850 1510 3550
2290 6870 6690
8100 1120 5660
3040 1710 4470
6500 6190 440
8650 7960 8250
810 2380 5660
470 9810 6280
280 70 7550
8930 2950 9650
3970 6500 9300
840 6710 8670
5490 2370 4480
720 370 2580
6910 4330 9140
4870 2590 5650
7260 1770 7820
590 8060 8640
660 9130 9110
7130 2300 2910
3630 1600 1850
3870 270 5820
6240 4760 180
130 860 9190
4470 3530 9920
580 2700 6830
2350 520 5230
3930 9160 6010
3060 8280 6600
5360 1190 790
6960 6560 7920
760 5900 5080
9040 6090 8950
3420 5280 8710
6950 8720 8850
9650 9080 3320
180 4310 3900
9340 320 6250
1140 6920 3710
5860 1230 6770
2420 9160 5660
8330 4240 6140
7940 3190 6900
6740 1900 9460
5470 4270 2890
4550 7590 9840
2380 5010 3020
2700 4790 3200
3140 8500 6060
4380 5270 7210
7060 930 3070
1300 600 9010
8010 7500 7340
3430 490 5280
7710 6900 2030
5300 6740 1020
3840 3280 9090
8630 6480 1470
7130 6070 7690
5920 6800 4350
380 9870 2250
980 2400 9310
2000 9750 4130
2490 8550 2140
9390 4100 5580
9660 8640 3290
2940 7730 2110
2950 9200 5950
9020 6890 8100
5820 1250 5230
9210 7020 4680
1610 6340 8580
4880 470 9560
6960 2620 5080
1060 1720 1100
9710 8530 490
960 4160 3670
170 3640 140
580 1740 6610
5350 500 9150
2380 5180 8490
8720 3760 1220
2710 6840 6350
8850 1920 4760
4090 3020 1720
2620 7040 6300
6790 4230 9530
430 7890 500
2170 4500 4190
6190 7170 4770
4890 5660 3650
2170 6880 6030
9010 6760 8270
4460 1520 4500
1000 3240 3360
1560 9540 7450
5800 2600 3600
7210 3100 390
1720 7290 4340
8890 5580 30
8080 9230 6230
8480 8780 1120
5240 570 3300
6760 5080 5830
3520 1960 3810
6590 2930 4820
9190 6530 6380
2290 6920 5700
3100 4780 2920
2200 4820 8160
4960 1050 570
3740 5690 8650
7840 2510 660
6440 8350 9420
8400 2160 9710
1330 500 3230
1390 410 9820
1830 6110 9010
6620 2550 4820
1440 710 1440
6010 4810 3650
5220 6980 8610
7740 7640 5870
6090 7070 7230
1770 300 3670
2280 3530 5590
2690 6880 450
2320 5890 1840
8400 4240 3670
9110 5680 3810
7440 2850 5250
4430 4980 4780
5590 860 10
6180 8090 1270
6480 5290 7360
20 880 2650
6900 1330 8450
6310 6690 1140
4070 370 6990
3280 7700 5390
6130 6480 8020
1120 1260 5470
5500 4790 3420
7110 6060 9010
2400 6940 8720
3290 3120 5200
8140 1570 8740
4840 6240 9160
8730 3230 5480
6430 2140 3070
2910 3680 6350
7700 2670 6010
6010 6090 7130
5600 8630 6150
2540 870 3260
9180 6070 5670
760 8340 2480
7000 7500 4140
3750 6500 2500
9410 9580 1230
3090 9450 1190
5770 5460 7620
5380 6110 8840
7530 2260 4860
8400 5530 460
8000 4720 6520
6340 7200 5710
3840 1340 6470
3870 3850 6990
3450 8600 4260
2900 3310 3670
1890 940 280
8000 9780 9570
270 8160 4960
9320 8620 6010
4040 5150 7940
1240 4380 5940
6100 4370 2280
9950 1360 9640
2080 5620 3510
5390 2810 480
9850 3090 6910
3160 2670 8800
1320 1150 6800
3470 7160 590
2140 5100 9910
6520 4560 3950
890 360 8710
5770 10 4820
4910 7040 8290
7720 7530 3890
4330 7960 9290
520 6760 2660
1670 7080 5820
2360 7680 670
980 1110 4140
5550 8590 6280
9430 7300 2800
2960 5640 7210
10 7460 6500
1060 1350 1410
9020 4160 2650
9300 350 6980
6380 6170 7510
7580 6840 2700
8700 4500 8580
810 780 9570
8110 7100 8640
7280 7830 8070
8260 4330 1040
3130 5740 4570
7300 8390 9150
7650 8900 8170
7340 9930 990
7710 2630 7370
2210 1220 4960
6520 4310 7180
3620 6470 7990
1460 4540 9620
5790 9100 420
5060 7190 8680
6970 6340 1820
5870 8030 2640
5800 9020 3810
1960 9920 4670
6700 8400 2380
1010 5580 8120
1000 7090 4640
5540 230 8260
8170 660 3240
8880 2860 2560
5230 8200 7620
3260 840 4590
5810 8170 3990
5730 2850 3310
4130 8750 5270
3230 6870 5490
320 1510 20
4070 3300 1020
8250 6540 90
1120 9100 1780
9320 240 660
3690 8360 5890
1860 2350 2680
8230 9180 2010
6990 7980 7740
3860 3470 5390
5380 7020 8620
8680 8040 2460
8740 1650 6530
7850 3430 4790
1610 4100 9430
9970 3510 8750
5840 9710 5960
8550 1720 7830
6530 9460 6060
3520 4850 6570
540 3470 440
8590 9450 9340
240 5990 8020
7200 780 280
1300 210 8130
4810 2480 3270
4530 1970 6760
6250 3320 6130
9240 9380 4680
7610 9480 1210
4610 9920 4730
4060 9260 5280
50 800 7390
4350 1080 1150
8080 2740 8350
4090 6010 9650
6060 6290 7990
9380 2420 6040
2280 7100 5810
1760 1830 5050
5200 6570 6190
4460 5370 800
8780 6280 8380
9870 7430 8440
6130 5790 6310
5660 8960 7920
1950 470 2010
4380 6510 1590
5000 5850 4490
6840 4420 6770
6930 610 2060
5820 1410 7260
2100 3320 5250
3050 1760 7550
2360 1590 7420
1330 9510 7070
5320 5040 2730
5360 6630 4690
1210 1120 2590
5630 1420 7590
6250 3480 7950
1180 4260 8400
4500 3030 4220
9780 590 9840
1380 1530 2900
4410 8610 5260
9460 1340 110
9610 9550 5440
4260 2140 800
5680 3260 5530
2680 4730 1160
460 3140 7410
3500 880 2120
4090 730 140
5620 7150 9930
7750 2410 4830
9100 6050 2760
8650 1490 5740
4320 5810 5360
1100 1340 3140
5830 6020 2340
8970 6960 5020
3380 9080 9000
7630 9220 2500
4780 2670 110
710 1020 9260
280 3790 7010
1770 3050 9630
1100 1930 1810
5960 5070 6130
1990 7410 7230
8950 5950 3060
1550 4960 5560
4290 980 2460
490 1100 90
1510 3880 8390
8820 890 2620
1880 4050 2910
7330 5860 8200
2410 5510 9310
3340 6260 8790
2820 9320 780
7780 8400 3250
2280 4380 4800
6900 4470 2620
780 6380 3110
5200 9010 8140
9250 1920 6970
8630 3640 2370
4140 2950 9700
400 5270 5630
3240 6050 2500
5170 2830 5320
9550 7630 6620
7550 250 8900
7450 6880 5810
6460 5030 110
1900 2000 5310
5550 7890 8080
2020 1110 230
7290 270 7890
6870 2770 8290
9700 8090 5060
850 8230 3750
4630 7130 6820
1510 6460 4370
60 6580 5350
5580 5410 5330
3470 7020 760
8110 7250 6310
8380 5150 1850
4670 6960 2670
6280 5540 3060
4510 9290 6280
1640 6120 650
8110 4010 8800
8210 9360 3840
7140 4700 3900
4160 5460 9490
4940 5290 6480
90 660 4590
570 6850 6490
6120 3430 1160
8930 9710 7440
5050 3890 1950
2590 2690 7120
5470 6530 8750
3690 440 480
9150 9930 7620
7960 9930 1790
2150 4530 6730
2520 1020 340
5960 5710 4430
9190 6670 550
3080 2150 3010
5780 9270 8060
2310 1540 4170
2750 2020 9650
6200 9640 3340
6140 4950 6020
4190 1680 7500
8730 5540 3170
4440 9980 5700
4640 4050 1660
6790 7060 4370
9580 8650 7460
1120 2820 3240
6660 5990 9070
6300 9340 5350
1260 8880 1550
6460 6380 1210
2010 9560 8920
1990 8780 7660
9560 3960 5620
6630 8330 260
5280 5790 570
1620 2550 150
7620 1630 4790
6960 6980 1450
9360 2050 1280
5740 3270 2540
8820 5710 2520
1120 3370 4530
5080 2520 40
3420 6300 9610
2730 6880 9760
5290 550 5040
440 5350 6660
7420 320 4280
9470 1600 4760
6260 7660 4120
1980 190 3390
8870 8240 5730
1390 1810 380
7700 4940 5460
8100 4700 2400
8650 9740 8660
7520 9920 7470
7850 7730 7910
9450 6010 5330
7120 3660 8320
7310 570 4590
9070 6300 90
880 200 2480
5820 5670 3880
520 1590 5100
3780 3770 6720
7230 1240 5370
4960 9150 2900
4490 8000 750
8150 6330 3720
8720 920 840
8550 4530 1670
8750 7010 750
7940 4410 1630
9540 3030 7460
6830 9750 1500
8080 8650 5290
7230 5070 2520
5240 9340 1000
5090 3060 5490
9530 7430 7170
4060 9100 5890
4590 9850 7960
9010 5010 6720
2040 5990 4660
1800 7490 7720
3970 6300 4560
9040 2340 6160
8380 3340 3390
4960 2360 2150
2390 3050 7240
1500 8940 290
4870 6910 4350
3400 7150 8950
9390 1810 1480
6890 3060 3520
3190 1140 8840
5540 7300 2810
2400 4210 5370
4760 6370 7270
1330 7130 2240
280 950 4630
710 5300 9650
1380 7770 8050
6710 9250 1450
9770 6300 850
910 5140 7740
1730 1480 4450
5950 6850 9990
5840 4130 2400
6490 6370 680
7440 4520 2020
6270 7700 5820
4040 5750 50
6820 7200 1430
3120 1570 8140
1780 9310 7920
3260 3770 2350
3640 7280 7610
7770 9680 3560
7660 3890 9400
5700 5910 9410
3400 5250 6860
2670 5300 3130
3400 6730 690
4970 8390 1030
7810 9830 4150
5100 2190 5940
2380 9800 2720
5590 6880 6360
9480 6280 4130
8910 9210 5310
4160 6070 1020
2980 2720 7940
9710 3420 620
1620 4450 4020
1460 2130 8990
3650 1590 6800
6970 4310 5420
7370 680 7810
7170 8330 6920
6380 7170 6400
2460 8190 8830
5180 9650 2990
2120 270 5970
100 4290 9200
5750 6810 820
7340 7130 2280
5170 2560 9450
5850 3890 9940
7710 810 7310
4880 7210 4480
6590 6040 870
9760 2550 6850
40 2040 5550
7850 4760 7680
4660 9100 1300
5320 4910 7050
7880 4360 7910
1770 7830 3080
6100 8660 2460
6830 6670 170
6390 7540 8570
8940 7910 8680
4500 3460 8440
9260 4660 2000
8360 5960 9860
3270 6530 8040
1160 4440 3360
2510 7530 4760
1170 9990 50
7840 3680 6150
8900 5770 6500
6810 7970 2890
3800 9930 1830
8460 1940 6330
7950 5320 9110
4480 6880 7480
2450 3770 4270
3500 2050 8950
7010 2110 1460
4210 1780 6160
9980 8290 4000
1470 1180 6430
1400 6540 6760
6860 6390 560
2180 5510 2550
9070 6510 500
6360 4300 8500
8410 3260 950
4040 8240 7970
9350 4400 4980
7640 1930 2710
2340 8360 2690
2400 5120 7680
8800 5690 9090
7830 8240 5950
7860 2260 1660
5680 760 4250
8940 5240 610
7190 6730 9020
5110 1720 3070
7040 7950 2420
5400 4170 3580
4050 1850 9440
3260 940 5370
5020 420 7690
7280 2080 5520
1560 6330 6900
6800 6940 2580
7060 9480 5050
2300 6070 5760
250 2010 870
4420 9110 7920
6280 8560 6840
740 3930 890
1160 1620 4150
3240 660 9170
3090 7560 9970
30 3660 1540
3040 8710 1860
9110 4470 8920
1130 5350 1220
3760 6790 1480
2320 3630 9420
9770 4530 5700
4910 2200 6450
9090 1380 1130
170 1350 7900
3840 6410 990
2550 8280 1030
550 720 7590
5900 1950 6700
6210 6950 1350
9840 6370 8640
7890 5600 4480
100 2050 4260
1480 6700 2690
6350 4600 5310
6290 5600 5480
8090 150 2840
8810 7740 8920
4280 7960 9470
1230 2840 8890
1130 1480 5100
6730 5960 4940
2300 3740 2840
9000 9960 2940
3610 5270 7940
9210 750 7810
2880 3600 7620
620 2520 5710
2100 5510 4530
4940 4400 8810
6420 9500 3570
5910 7960 8220
9650 800 4950
3130 7260 7250
8400 5200 6250
2680 6540 3380
9800 4160 6110
5840 9880 8990
1350 7930 9610
5750 260 1720
8770 7350 180
6730 5570 130
7540 520 6040
4800 1290 9210
3530 1070 5870
3590 4450 4270
1270 4090 6950
1150 3080 6750
2600 6220 2590
6390 1460 7460
3740 1640 3210
9320 5290 5500
3360 4850 2240
4660 4070 3300
9250 9940 1620
7220 7730 8670
1310 8210 2260
4400 4960 3540
620 1080 8210
2080 2060 4340
7240 5280 730
2540 4300 4470
7390 6540 7310
4980 9840 680
8440 1470 8860
6180 140 8110
4390 5930 5330
2870 9470 6650
7470 1200 4570
9540 5540 5190
8340 6270 790
2640 4270 1550
2710 1580 4090
2550 5780 5010
7540 4640 9990
1210 6270 1960
7140 5130 1660
130 1780 6050
4850 9870 2440
400 5060 3440
190 9370 2980
7980 920 4840
9570 8540 7480
5350 3550 190
3520 7060 6270
9790 9020 7330
4920 4200 8540
220 250 5680
90 6220 9330
8670 9660 4190
1560 6160 8110
2490 1000 8300
4550 2000 9810
8100 5720 9380
8680 5510 8250
1230 2840 1770
5430 1390 5090
9210 590 3530
8950 9930 7280
8610 7640 890
8290 5750 9570
9290 7570 1130
4810 7380 7140
530 280 1690
9560 8540 3310
2410 3830 5520
7320 2440 270
7910 5980 5700
1360 3260 8430
9000 7670 7380
8270 7240 9510
9370 1900 7800
270 2560 610
560 7780 8950
9100 4610 3000
6450 3650 2570
8900 3920 4980
8400 3150 2300
1660 1580 3730
2850 2490 5100
3620 2000 7620
9040 3330 9420
1600 7460 8790
2900 6410 9060
1040 9420 9620
4690 1990 2240
8620 490 2220
5290 6310 1120
390 40 9520
2880 8660 4700
8410 6290 7550
5260 9230 1170
2720 8020 210
2660 600 5340
2080 3750 1760
7590 9510 2800
8080 1730 7500
4390 2850 9640
7950 5890 4930
6620 4110 8840
2910 1670 1730
2140 6360 3660
3680 100 8920
7800 8960 1640
1550 720 4300
1070 3530 9900
2800 4550 1010
9180 4190 2610
8590 2640 7000
2710 1480 8480
7900 6730 5100
4260 390 1530
7880 2830 7190
6840 4480 870
7570 2300 2190
4620 5730 3750
9170 6740 8340
3360 9360 4660
9520 9880 7360
4520 8360 5960
1260 6980 8670
5170 8510 90
8010 5700 4350
6010 90 5760
1830 2290 2600
7560 9560 3690
7830 7900 8310
710 2560 7480
590 9930 4360
2480 9410 3880
9460 8080 8410
1500 1690 3190
7200 9560 8360
820 5320 6370
3110 1450 5900
2670 5140 7740
4090 6980 8820
6650 4460 6650
100 2350 7360
9510 9750 1480
1110 1680 7480
2800 4870 460
2370 6760 1960
7690 6650 2690
2660 2560 3510
7810 300 6620
8310 9120 2810
2770 9300 6900
8640 180 7070
8400 5180 7180
80 2660 6690
8480 6650 7810
5240 8610 610
1890 1300 6500
4450 8330 7720
8270 8470 380
7400 1280 1710
220 1700 20
400 8780 6320
5590 5960 4960
1770 2650 3360
8420 3980 6970
560 8120 5450
5380 4620 690
3720 2340 6100
2190 6250 560
7000 7960 8830
8700 7990 9750
7480 4310 9970
6960 2790 380
3140 6160 9490
7120 3130 1260
8760 2100 3210
3390 6310 3770
9250 2410 9150
5500 2970 6390
6990 5330 8590
8500 5080 5590
2810 8580 7810
5600 2480 5300
5280 1970 5780
1930 6750 8920
4030 3480 9570
340 7250 8330
2760 9930 1720
9250 9840 4500
4580 8430 3520
3190 7540 510
5290 5360 9010
7770 4180 5340
3260 9960 4470
10 2410 9750
7020 1980 5210
4270 310 2760
7720 5560 3110
7570 3580 9390
9520 7100 2160
590 1140 270
9470 3670 3460
7170 9020 2270
650 7010 40
3060 6760 3300
5040 5490 6830
8880 8260 3850
4440 4890 1650
1540 7800 2890
8640 9960 460
3300 230 3510
6980 7210 4100
9520 9480 7090
6530 3040 4260
6810 9860 4910
2310 6700 7980
570 4070 6540
8980 5720 5420
6780 2140 3380
260 2600 4920
4020 9630 7090
4750 7250 390
7760 4340 7370
800 2120 6890
670 7040 3420
890 8540 3760
8480 8600 6070
4210 7550 160
9870 930 9140
5990 9380 9440
5630 9990 3220
6400 380 7240
750 1280 2000
6390 8170 3280
3430 5120 4080
5490 8880 8270
4100 8470 2680
1650 2150 1170
6100 1290 8900
9000 4250 8770
8990 7470 4760
9380 8240 390
4180 240 320
2350 3520 1070
990 1120 980
3390 2920 7940
5380 5600 3430
7530 6770 1050
2340 9190 6220
6590 7960 5850
7590 2730 4850
5830 6640 7370
6070 6960 6750
3110 1550 4450
7750 2540 6800
670 4000 1320
9800 7430 8230
90 2010 3620
9290 8230 1150
7250 7600 3500
3500 2460 3610
150 9830 1200
630 100 7030
5710 4550 6620
1770 4870 3250
5770 9710 1010
6720 7950 5200
8730 1570 5000
490 6240 5100
8090 9740 4390
4070 3360 5160
7420 8080 8670
1040 5120 2340
5590 1740 6490
3990 8520 2200
3700 9530 7490
5170 8250 3260
260 3260 3510
6510 1880 2240
9770 9790 6250
6650 4950 7870
4740 7140 5460
9860 9480 2890
5120 9500 3930
3640 5220 3050
6690 2720 7040
4950 9500 4260
1730 3010 9440
7130 8780 3220
6920 8550 9730
5390 6420 3030
2540 1890 9680
5540 8300 4420
8560 2230 7800
3790 8800 6450
30 9360 3610
9530 3630 310
6070 6590 8780
8370 9810 4030
6920 3070 1160
6870 6100 1600
2280 5780 6990
4100 3730 3050
9850 1530 2120
8660 1500 680
8020 5120 7990
1650 5430 8020
1760 7730 1080
5100 1760 670
8170 6440 9040
7790 8040 9480
7090 5030 6350
820 1610 2150
5880 7250 6250
7380 1450 6110
6020 9450 4770
1450 990 6310
2700 2070 1490
4460 6260 3250
900 5300 8350
2460 8310 40
1020 4660 7830
2630 340 8450
9880 110 9270
4850 6220 8670
4300 4510 9580
5300 4350 5600
890 5840 580
680 2610 3280
5980 4490 1270
4290 4530 5690
2480 5890 8160
6340 4340 9180
6450 7130 5330
6200 5810 8730
4230 8910 3580
8580 4510 7890
4420 8610 6710
560 5420 1120
5050 6690 5320
3100 2380 1310
8990 4060 9120
