685 676 512
399 209 146
332 82 144
575 793 764
378 934 539
240 957 398
782 69 192
803 602 248
41 85 105
800 349 416
476 214 667
686 360 353
120 856 104
913 972 788
847 512 715
804 910 93
226 102 333
180 703 467
617 808 270
966 576 664
180 244 464
893 949 940
101 405 978
74 545 451
586 260 364
496 353 564
950 39 720
5 506 946
166 777 478
742 441 95
338 257 414
639 549 946
396 880 191
941 331 293
553 47 367
259 611 953
298 684 801
156 982 751
933 461 109
726 908 275
335 322 17
885 621 708
765 812 347
448 457 744
495 824 37
459 129 591
143 930 850
125 34 500
938 143 656
847 418 942
521 787 20
494 495 356
659 195 593
116 939 358
293 328 158
774 919 653
705 121 464
91 621 959
586 278 437
4 572 375
143 592 574
991 948 448
186 541 942
477 251 953
805 409 70
77 415 715
198 231 489
172 191 546
802 628 637
374 355 223
318 282 579
619 730 75
512 24 66
116 978 604
525 400 433
292 467 590
524 308 19
67 855 570
47 844 742
402 420 896
36 351 622
766 426 940
143 844 559
473 448 424
225 233 540
692 824 417
0 843 710
207 413 586
52 507 5
472 403 52
823 25 806
602 318 843
446 229 609
247 653 104
832 193 577
656 611 154
852 673 198
617 611 199
477 616 758
232 668 162
610 474 634
928 317 810
157 279 764
163 383 210
356 313 809
319 819 642
992 18 650
603 569 854
571 327 824
239 490 301
66 476 533
383 638 495
14 402 423
750 965 933
63 774 96
234 768 452
252 419 124
821 625 116
149 449 72
991 750 643
467 636 235
106 131 301
860 907 36
825 840 51
952 936 801
720 740 216
491 216 450
117 333 703
566 757 524
669 752 25
657 987 16
140 640 836
47 677 294
239 728 154
527 529 332
620 97 284
836 547 4
169 250 496
278 127 965
31 504 531
370 521 200
363 709 209
40 3 350
120 509 397
1 841 989
98 125 516
645 482 136
248 330 973
375 295 494
879 178 125
752 379 508
461 588 878
816 290 241
326 40 633
519 29 753
997 545 106
479 34 204
161 7 202
808 853 450
986 978 177
717 486 408
658 717 161
948 310 974
988 296 143
17 49 469
915 156 340
949 712 337
956 914 168
161 364 681
140 893 489
978 302 476
695 463 193
6 789 203
302 932 152
703 753 492
211 94 510
276 783 425
190 952 726
907 633 682
800 475 195
102 951 335
917 496 314
707 700 361
991 204 719
97 696 373
543 558 77
326 335 640
630 61 916
616 95 459
91 291 366
394 978 166
890 644 269
942 6 538
498 725 245
547 99 589
105 528 38
793 520 581
206 789 259
654 248 242
945 614 858
275 780 949
920 401 695
926 940 937
3 537 232
454 478 730
982 516 277
855 97 735
644 709 880
892 951 86
506 809 92
638 110 389
40 805 665
980 742 937
869 974 863
348 57 218
864 686 673
314 773 7
23 653 862
326 92 506
487 184 398
597 926 904
754 591 543
848 528 583
823 743 915
232 961 136
918 986 484
692 994 701
697 856 15
141 363 390
678 761 68
604 18 555
547 561 504
75 496 258
170 763 458
131 899 281
118 736 865
464 437 784
320 804 828
683 546 877
797 614 371
815 169 401
728 25 5
224 283 904
339 741 979
238 375 149
326 592 632
763 728 102
567 908 918
113 786 239
79 509 274
600 910 71
625 915 886
260 819 614
354 150 190
729 651 529
673 635 120
402 90 446
310 8 562
448 599 481
957 874 947
867 945 26
134 184 627
305 150 604
807 341 865
458 222 219
446 694 300
888 493 973
896 407 375
496 888 38
370 835 486
667 214 444
851 193 311
2 797 798
695 662 103
269 233 911
964 533 721
809 859 167
216 586 55
456 624 304
644 111 800
858 907 522
403 570 189
200 368 393
215 472 747
800 735 442
334 456 711
545 976 27
131 31 188
108 687 756
571 839 213
478 361 857
48 903 67
769 648 470
241 395 22
328 837 589
784 900 390
760 280 76
144 820 621
831 577 104
671 790 212
384 999 135
287 418 613
935 888 14
682 262 783
519 852 376
772 594 704
404 670 840
224 643 601
801 747 97
943 312 928
942 447 951
712 413 336
600 779 975
215 914 263
67 290 945
661 346 817
683 538 941
326 491 345
425 588 569
737 869 723
537 820 666
302 508 961
81 836 673
995 451 626
637 396 841
335 565 908
873 506 921
717 203 604
305 125 282
526 848 707
699 514 797
207 475 334
395 149 988
846 775 421
595 616 768
160 876 757
19 149 92
574 753 317
699 387 34
547 94 692
62 891 218
889 577 917
38 565 477
165 986 224
133 754 71
361 863 666
510 955 178
615 625 549
2 11 124
449 703 823
340 274 371
918 543 785
835 372 674
174 597 65
280 20 230
144 38 716
451 216 77
76 766 940
88 242 907
143 65 262
769 436 711
665 573 51
37 248 321
986 313 157
6 895 683
44 611 963
613 41 107
731 333 559
973 240 987
38 502 427
827 565 571
400 617 692
648 290 357
313 799 747
209 482 733
820 446 92
213 905 488
546 816 101
787 804 832
641 231 157
207 154 196
176 199 375
818 556 775
618 655 776
452 741 89
250 833 650
156 321 471
324 775 684
128 959 583
712 117 370
218 665 363
769 40 922
678 167 450
333 295 269
74 737 239
259 387 691
581 858 942
708 895 450
667 478 774
136 200 255
801 915 319
841 838 889
9 640 659
656 909 337
393 500 22
781 192 97
991 486 356
886 288 289
716 414 349
268 21 17
184 340 505
374 582 307
14 241 148
924 930 509
424 952 166
968 401 559
806 758 692
94 399 684
861 749 922
882 118 991
575 623 259
157 930 443
750 431 817
32 292 832
984 458 108
738 370 884
496 62 205
247 746 363
348 21 458
466 12 671
442 271 553
372 67 480
155 236 637
448 68 739
258 528 771
628 765 756
43 970 494
789 333 342
162 143 941
174 814 290
446 720 108
865 200 550
101 190 275
522 929 430
402 53 230
167 161 489
489 7 117
823 349 160
318 642 302
485 932 464
557 41 991
109 943 789
299 218 654
581 649 755
634 231 629
795 720 32
802 190 199
503 702 689
145 356 864
430 173 182
823 164 19
766 953 576
337 607 686
986 714 337
569 344 918
290 728 904
832 927 699
534 968 853
891 832 708
64 367 206
580 738 636
533 315 811
492 353 929
558 42 266
902 313 604
982 217 174
910 269 464
230 474 296
63 183 182
782 389 425
872 377 841
187 188 421
892 117 306
287 384 798
600 988 357
817 514 611
438 978 594
913 626 856
96 161 86
837 586 501
214 780 635
402 201 508
871 860 47
255 658 292
596 367 579
110 331 179
441 277 348
419 133 787
580 571 52
519 425 500
299 60 337
852 920 551
712 968 305
723 260 176
442 191 784
125 370 380
402 70 842
887 857 635
811 261 55
236 761 987
648 450 858
569 353 157
889 658 362
501 187 426
692 971 149
414 703 944
484 897 69
694 533 472
955 940 711
69 927 522
519 786 758
873 295 407
883 9 328
70 436 217
393 937 718
448 881 410
346 303 824
231 775 660
171 838 354
98 361 310
236 119 379
532 878 250
893 206 123
329 423 359
267 493 781
500 903 175
803 79 623
930 740 321
769 446 904
130 756 75
601 487 526
480 738 762
38 213 646
814 572 540
307 354 221
563 881 488
994 856 341
86 178 144
533 82 427
289 510 196
129 36 678
867 798 279
80 797 111
5 689 150
711 910 964
592 751 623
448 92 186
978 588 181
61 15 267
923 563 800
959 241 442
109 521 571
258 632 790
947 134 222
858 450 227
609 74 938
53 260 530
641 793 331
657 61 309
220 213 722
814 655 645
335 578 956
319 368 66
806 591 324
256 170 624
682 461 482
943 991 443
736 674 496
149 984 137
363 706 146
370 704 719
949 660 533
317 78 220
260 755 891
431 379 697
892 861 306
235 304 988
910 152 283
246 289 372
304 436 521
8 507 236
669 40 607
99 612 556
854 503 225
233 553 486
446 859 917
102 847 161
254 483 748
544 855 658
332 728 256
839 965 561
231 572 569
843 480 590
698 705 690
251 191 896
110 460 130
310 973 576
793 722 31
0 732 285
728 989 181
45 550 865
969 471 704
449 414 287
155 104 482
698 0 181
511 482 784
484 411 895
558 442 557
291 79 702
632 261 702
182 126 782
5 183 828
419 470 797
875 305 599
228 838 106
710 622 804
473 869 667
915 426 504
995 480 62
608 182 705
734 317 337
269 497 871
92 294 877
397 245 648
235 351 524
209 508 104
79 175 166
857 679 640
338 94 907
520 799 254
189 137 862
686 8 949
333 237 218
578 886 310
930 762 59
790 866 646
965 384 856
997 24 935
91 284 792
890 538 130
379 753 3
740 54 544
977 624 231
215 935 916
977 346 494
195 993 776
580 849 566
956 136 884
240 280 881
131 763 972
236 118 214
290 662 946
914 245 686
201 161 15
548 656 231
541 784 560
742 703 108
230 587 40
862 468 996
625 792 589
95 358 720
758 304 956
3 342 598
165 358 512
173 589 714
309 501 614
12 609 507
599 649 249
419 998 831
211 587 693
922 659 671
226 967 766
569 565 876
927 77 880
868 143 397
369 757 922
979 264 231
980 865 596
978 696 195
565 742 615
576 765 178
543 531 100
108 760 679
538 992 600
681 389 879
791 663 99
55 246 468
273 842 799
969 38 132
63 5 110
180 535 28
712 988 604
824 667 148
816 619 256
557 498 146
220 597 828
466 417 971
309 569 26
699 701 299
704 811 621
591 191 36
579 796 217
598 944 281
569 552 105
67 51 921
16 231 478
786 202 50
355 228 516
408 880 177
571 853 876
763 889 932
559 458 876
855 739 455
759 196 406
810 469 975
41 299 395
243 349 763
824 218 549
56 747 256
909 624 664
150 908 236
609 784 351
700 592 262
897 350 117
366 325 876
666 72 39
367 836 80
585 385 676
333 642 500
309 658 556
569 246 817
706 597 967
650 859 928
0 328 629
677 557 878
750 596 244
938 28 262
323 704 630
317 556 567
328 464 252
574 281 913
172 601 483
383 881 189
712 510 191
269 740 191
865 985 220
893 599 322
950 581 260
506 149 584
323 753 253
956 667 581
909 502 156
791 43 680
653 234 63
394 777 775
731 997 396
330 320 261
264 580 507
413 516 457
518 770 315
185 703 638
39 211 947
82 243 856
316 659 647
445 434 653
443 831 47
115 444 778
695 951 460
212 760 724
334 76 489
389 66 360
953 13 897
196 870 937
855 869 19
642 522 688
825 921 133
621 51 928
573 512 43
685 588 91
113 430 655
180 790 989
545 687 730
415 624 683
637 996 232
159 36 87
81 521 81
132 450 906
996 493 528
937 584 453
367 239 138
509 580 252
196 663 784
173 698 329
169 930 97
557 18 734
78 451 245
528 358 678
374 238 163
310 43 511
902 533 448
834 137 167
497 921 676
196 603 225
478 52 398
496 786 919
300 383 476
10 414 554
248 929 435
643 440 161
176 241 471
666 408 725
587 437 560
542 662 409
594 60 957
732 331 436
468 807 284
882 713 584
163 500 594
603 661 194
196 485 189
957 210 718
394 122 384
56 532 323
468 841 866
799 629 812
958 914 545
23 850 13
524 797 247
537 343 410
22 533 365
233 251 914
707 635 871
591 958 265
433 176 673
62 989 141
328 886 292
179 899 250
328 498 625
671 260 149
204 977 687
455 891 61
442 762 646
753 27 354
929 52 945
270 193 730
156 837 145
407 439 473
257 65 4
517 214 332
495 253 356
386 315 560
501 961 368
880 315 810
933 613 563
126 343 845
316 840 115
755 314 624
820 670 31
35 355 289
640 711 158
955 271 5
917 991 392
584 802 245
197 365 125
893 562 58
733 678 537
399 302 853
422 685 608
777 326 429
840 485 816
463 490 456
455 234 412
257 479 681
974 605 617
537 15 815
567 552 60
221 405 145
906 14 897
233 443 319
70 611 448
912 67 288
147 831 751
978 512 206
935 130 463
951 297 790
503 709 327
261 854 246
275 751 467
70 422 725
681 870 310
100 158 380
932 910 645
796 468 792
278 284 122
927 74 410
636 753 361
843 999 216
946 818 477
369 543 104
591 854 526
750 586 207
12 231 660
480 375 944
764 498 740
190 908 371
943 621 298
942 837 287
760 667 130
656 771 428
510 298 149
96 857 741
328 517 491
703 461 855
553 554 687
813 925 452
434 223 642
624 862 938
291 992 232
62 773 345
360 922 1
570 663 511
87 506 959
901 361 639
807 49 695
732 853 248
307 847 414
170 785 848
514 18 472
287 363 763
210 716 178
225 579 538
732 538 460
445 530 900
846 225 801
51 825 960
899 239 692
36 88 351
406 912 873
121 676 388
837 854 27
416 744 589
307 557 815
837 457 899
62 610 344
239 570 543
479 614 594
919 965 845
831 839 882
507 579 288
713 958 762
810 548 599
367 363 368
824 262 675
434 958 864
356 853 278
970 448 517
287 293 996
126 527 915
57 168 747
16 930 606
564 529 672
279 249 834
893 924 201
851 140 377
705 418 163
505 936 519
150 932 841
678 200 128
846 299 607
776 257 16
657 929 32
907 115 948
183 668 227
324 45 472
742 560 676
30 431 381
315 272 238
515 753 388
814 360 66
71 376 264
353 761 392
468 709 402
137 289 661
534 113 196
447 789 520
878 522 615
503 760 997
608 149 312
968 567 827
696 184 993
