4720 1380 6010
4040 2490 3400
500 7110 9660
1230 4930 5750
7290 9450 6730
3300 650 3500
9710 5440 8390
9330 5520 1940
4420 4550 8400
6490 9190 2180
1390 8720 1300
3880 5650 6020
4520 5310 60
2970 1060 560
2420 7790 5320
6600 4810 2610
2040 3200 9430
7560 8670 9140
5630 590 1990
4820 6290 9940
3550 7590 6430
9200 3610 7820
4510 7200 5230
9090 7760 3270
400 6600 6240
5220 2730 2180
1940 2170 2300
4130 4830 4340
4720 6830 5430
1020 6770 4580
2130 3200 9410
5750 4540 6480
2950 9770 9200
4230 3040 7230
4360 2800 6320
7090 8510 240
9260 810 5460
4100 8680 930
930 7630 5060
7700 2210 3310
4420 5140 7850
8960 5140 9980
2260 4340 5730
8820 5090 2200
5150 4930 9960
3660 5180 4320
7990 4160 1410
6670 5090 680
4300 160 8300
40 6990 2750
8700 4840 3970
3850 4820 8390
1710 4080 870
6810 6280 6650
1740 6240 5480
440 4080 4150
4610 5500 7810
9700 9700 5800
3380 1520 6000
370 4270 300
5210 8240 3860
3560 150 2570
7640 1020 6420
3920 1200 8130
3690 6680 8460
1290 4350 3730
310 2160 4170
3530 1480 8780
5050 7480 8490
9320 1310 5390
1080 8690 5770
1230 1260 4500
2260 1200 8060
3460 2860 9220
3660 1320 6670
1530 8570 3880
3690 2750 5170
8690 5050 5490
9700 3540 9020
4530 2460 4080
3220 1750 6920
4490 6250 8010
9210 7840 9240
2070 580 5020
6920 7250 2000
5490 1130 9180
1760 6310 710
6820 5320 7920
3880 4340 6620
6340 1940 9840
8090 2390 4370
7870 400 7590
9230 3160 5600
9810 1710 4820
7070 3710 410
1720 2900 7330
1550 7130 2830
6870 5060 8110
4740 5200 4930
200 5040 8820
2590 2930 5160
6510 4040 6780
9680 9650 4650
1390 7990 3880
8620 8400 7210
5040 9260 4280
2180 5610 9530
7240 3720 1080
5960 8660 1480
4520 1000 6220
7450 9680 6420
1490 6460 2540
4660 4630 9050
6170 2030 2250
4580 9250 7160
7360 7050 5790
2970 6580 830
210 1190 6530
2390 2670 7290
3390 8890 3250
3080 8830 7770
3060 1370 8740
7700 3950 240
9730 6200 4900
2500 3370 1080
9560 9160 9180
9660 3510 60
850 50 6550
3520 7340 6760
5930 4120 9160
8290 5410 6070
9660 4160 9150
7130 4400 5740
3340 2820 3440
6710 7420 6690
9390 120 9200
6420 180 8760
9990 250 1940
860 7020 2800
4980 9700 6320
390 5770 5780
4550 8450 4070
2470 4190 7250
8820 1150 4390
6240 7840 7730
9890 560 7960
3590 9320 870
3850 1270 7290
4390 7590 810
4090 7430 1670
3380 3210 6650
5350 7280 560
9540 8060 5120
690 2450 1110
2060 3700 9930
2620 5180 9700
5470 9570 9590
260 6860 3180
7850 1190 550
5280 2860 4940
2020 9510 9030
9300 80 5940
880 8720 1290
6850 9830 840
4070 9770 5050
9250 2990 630
8820 2580 3260
9210 9280 2250
400 9840 2510
3270 4780 360
6300 7340 9160
6380 3280 1180
8620 4570 4010
8460 8930 4890
1750 7510 5270
8260 8140 9340
840 4920 8600
120 7170 940
9960 9680 150
8270 3560 4080
5610 6250 870
2410 7430 7170
6980 4960 7080
9440 3380 5700
470 8650 7680
8610 7990 2950
7060 6590 1210
4230 1060 5570
7440 4730 9220
1000 8810 9180
770 3200 970
8210 380 6580
6690 980 2510
70 200 3020
8720 1410 2460
6720 7880 2930
6830 2620 5060
1410 8190 5640
6150 7410 9880
8480 120 7320
1690 1090 1840
5590 1200 2620
90 3710 4350
290 6730 1040
5220 2710 1120
3110 9160 3360
5730 7750 3600
3920 3390 440
4860 3270 5370
4980 4110 1520
9590 9480 10
790 5620 5220
8030 9970 810
8280 4530 900
1000 9170 4710
160 2540 9940
1430 6140 3050
4830 100 2300
1620 5480 9740
5740 520 4600
5220 530 3100
840 9270 2700
4330 80 7010
8860 4500 5040
1560 9220 6850
4100 2680 7850
3760 9250 1530
7390 1550 2970
6390 1290 1320
6910 9420 2940
970 2520 8680
240 5220 7420
3850 2240 1780
8350 800 6110
1090 7650 8500
7290 9020 60
6540 4080 7680
8090 570 4960
2910 1890 2350
2330 4830 2260
8370 7040 9180
3600 7980 3670
9360 9770 3910
3680 9400 7760
4860 1420 9640
7400 5000 4250
1480 2680 1550
2050 1170 8090
7460 3520 9710
5820 9310 6140
2860 2010 1990
840 5680 360
4130 3110 3960
7060 4400 6840
8480 4040 530
3490 8290 8910
9690 3360 6310
860 1460 7800
7910 4690 3370
7220 830 4360
9230 2820 180
8430 6700 6560
1540 670 920
5940 1030 5060
3500 5080 2120
1800 3990 4120
8680 310 7610
140 1630 830
8350 8520 1690
9180 2880 3120
5520 6580 3860
2230 3140 6610
6420 4070 5040
7450 2650 6590
6060 4770 6050
50 2410 9560
3880 30 4880
9030 4380 3560
7560 9590 3710
3960 2720 2060
550 6580 4770
7210 6720 3810
1280 1760 6040
7450 1870 2460
5740 7930 3440
8160 7490 9500
8190 2370 3070
6090 5930 6960
5680 3160 9510
8400 8750 7070
8510 3520 4560
5230 7330 8630
510 6900 5840
2390 2880 650
320 9840 8100
7810 2860 3850
180 5940 2010
6110 6420 3720
2800 5930 9810
1550 6530 9010
8590 1090 7420
9440 3240 9450
6340 9080 8200
2750 9730 8710
2590 1360 1100
5460 8730 4940
4920 740 2750
1340 7980 6450
790 1310 2570
840 320 8890
5450 1260 440
8690 710 9030
7780 8910 8470
1030 1150 8340
5910 5770 1090
4640 720 3680
8900 3470 2660
6880 9930 7580
8190 6020 2440
8520 4910 6760
9780 8870 7600
4020 7900 3060
6450 9890 1750
7600 8230 3050
6900 9320 7610
7620 6530 3520
4610 2710 1690
8060 3820 590
7600 9780 7480
6030 6540 9190
4900 7670 1230
2800 4250 4540
6220 6000 8560
4450 2580 8530
7300 3710 9660
7350 7230 6560
3580 8920 7700
7400 3040 2310
7190 520 380
7250 3230 7980
4920 4470 4020
9170 9010 2440
8700 1090 8770
4800 9620 4990
8510 9280 2960
9260 9360 260
1710 7060 1130
4750 9380 4720
8790 3280 5640
2020 4780 6350
6490 2320 7130
9020 4770 5570
3630 3540 4750
6780 2050 6970
9580 5010 5290
8950 8800 7320
6010 3450 6580
8910 1690 1810
5710 7340 6560
4020 7210 5350
6340 4340 7380
4630 9920 7390
1690 8190 9940
3740 8680 3570
2280 3970 350
1080 4810 9940
8050 1390 2410
9750 3210 1940
610 3290 860
7820 8650 90
5690 9550 4110
5610 6940 3980
7320 400 2130
6000 3980 3830
3490 7850 1090
1820 1310 3370
3210 3720 7970
9940 5670 6030
6760 50 5780
5410 3660 6390
8480 7780 7730
8940 5280 3420
9350 7410 2550
6850 4760 9870
4700 5860 9390
9540 9230 6400
3260 730 8220
2450 6760 4960
2500 2540 8420
9690 2450 5180
990 180 4110
6270 7130 2590
7200 9680 5060
1970 3080 4410
7830 5990 1260
580 5920 9480
1310 7660 2540
8070 6140 9330
4130 4570 1780
100 3270 7810
290 910 7500
940 7020 8490
4140 2080 8280
740 6490 5480
6740 1270 7450
6180 4280 5280
3840 6820 9390
9990 6150 700
8080 1460 8780
4870 9270 6430
5780 290 6540
2810 2300 350
8410 580 1290
8430 6060 8950
3220 3520 9700
7500 2320 6440
7850 1710 6140
7520 2420 9980
2500 4720 3490
1770 4670 1570
5580 1210 6450
7880 5080 5750
8460 9890 2080
4530 8850 500
1570 8550 8930
7410 8510 2150
9130 4650 3180
5070 4630 4550
3310 8130 2070
7980 3220 4580
2720 3190 9870
7800 8950 8980
7700 1030 6860
70 5050 5330
8620 3980 3380
7130 9660 8470
5300 6360 5880
3450 910 8530
5100 6500 7120
8330 4600 3950
1520 4480 5460
3990 6980 1700
5030 3840 9500
3600 2690 720
1110 9590 790
770 8060 2930
7130 7470 60
8040 9520 8880
8060 170 2340
2670 4120 7440
670 3100 5770
7650 4800 820
1490 7830 4810
7710 8550 3360
7300 2870 6970
8890 5800 8080
9880 9390 2370
9400 8270 3020
3090 610 4580
740 1580 2640
3840 870 5310
8650 1690 5980
0 30 3630
8550 3390 8650
4940 3880 6360
4270 5480 7180
3660 7850 6070
5450 870 5950
9590 5450 8880
1170 8100 1970
2040 3410 2710
3740 2920 6560
7290 6550 8730
4200 8720 8730
8090 5080 800
3570 5790 5750
4950 1860 3540
9340 7820 7200
4800 220 2650
6420 2190 5760
3350 4910 6930
6270 4990 8980
6350 7240 6240
5070 5970 7050
3680 290 1250
9470 9560 9340
4850 3100 6440
6190 300 1390
6410 6480 730
8610 5760 9050
7040 2700 8990
2030 5200 2350
9270 4960 2140
8760 2010 8490
9050 3260 7090
8620 6130 4290
5240 2570 7280
5550 7480 2130
5550 1730 8330
1310 4310 4740
7530 3300 6870
6250 9170 3910
1210 1320 9460
6740 3330 2250
10 3940 1010
9660 8230 3590
5750 5510 5730
6750 1170 970
2000 3020 40
6310 1280 9110
3140 8160 3950
2310 5590 1480
3630 5060 7740
6970 830 2470
910 1850 9220
2670 8960 2750
1700 4690 2410
6390 5660 1680
9410 9230 8430
700 8340 430
2380 2290 6750
1490 7300 3410
70 8560 5720
910 1030 2880
6280 250 9850
5240 6520 4280
9930 8930 470
9110 610 2180
1860 2560 8570
210 3000 1510
6020 3270 5730
3320 6680 1630
1880 5920 3120
2920 8800 3200
6690 2170 4110
3220 9980 390
5670 450 9150
9810 6150 2600
2370 4730 1710
5370 9760 3580
2160 5490 7310
8840 7120 3330
4770 240 180
7090 6960 2060
9270 4590 8500
9250 8500 8720
9700 7650 1940
5860 250 1130
4110 5490 940
3870 2590 3320
2880 9900 2210
0 6750 4380
3760 6930 6740
4250 2520 1510
8840 4540 8610
7350 3260 1400
8520 8720 650
2300 9860 350
7790 800 9730
380 7640 7360
3800 9860 1230
550 4240 7630
1010 980 7630
3530 6020 4920
8070 8150 9170
4860 9550 1530
3580 3720 2400
3440 7590 930
7770 7330 3230
5410 4690 4540
5270 9450 4920
9510 7080 2240
4020 8240 6310
40 3160 7320
8190 5850 4370
1260 7380 5970
4980 9790 830
2570 4240 4410
3420 7470 1380
8120 2010 9150
1090 450 8080
8170 2690 3360
6410 9000 6390
3090 9850 410
2460 4220 3970
9850 190 2160
3160 4540 6940
7400 8960 5440
4870 3860 8020
400 6530 1440
850 4610 3080
7060 7970 4170
9580 4370 5870
9430 8300 5800
7180 2280 2420
7370 7960 4880
5440 4910 4730
4400 350 1410
1780 1890 8810
8310 6860 3680
2920 9940 7600
900 7640 1970
8790 7030 9030
7090 6350 2140
2890 8770 1570
860 3660 2270
9290 1910 3170
3160 3330 8610
5060 5660 3010
1920 9350 4790
5380 470 6620
6540 2450 9540
7090 5000 3960
3450 7140 2750
5740 2240 3370
2920 4510 6260
8360 7680 7120
5210 6290 9930
870 2820 3100
3740 1130 8160
4220 7750 3600
190 7300 2500
5190 1260 2570
2340 7540 3180
8100 910 6630
2610 690 5900
300 1340 8820
110 1270 700
2940 4370 5910
4070 6050 6790
5350 3170 4050
2650 9200 8270
7430 1770 8460
4970 4950 7180
9400 5110 3040
100 1010 1140
1440 3350 3750
2710 4060 7570
610 3490 7690
6660 3800 4150
3360 7860 8220
2560 9650 3570
4330 1640 9740
2800 8820 700
1430 1860 5670
2440 3000 8600
9320 270 8700
6900 7850 3660
3910 9060 9890
7720 3210 500
5580 4950 690
8750 8530 4050
390 1790 130
9210 2490 4460
4590 1690 780
1110 290 2220
4910 2510 8180
2760 6170 1020
5340 6060 7920
8550 90 1840
3500 780 3080
5550 8350 8660
7350 8480 7410
3360 6460 1330
5050 760 4060
8860 2980 8660
1370 1170 3290
1060 2190 8200
650 3640 4480
740 9000 9820
5040 2080 8370
6910 4260 5400
8910 5190 950
8890 6520 1820
9650 590 5190
2640 2770 3760
7330 6060 6150
3040 7790 1040
200 2270 2110
9200 2100 2760
4800 3990 7020
9060 9390 2060
4260 350 8970
4300 5690 7880
4890 880 290
7660 8170 9940
7250 7840 2580
5040 8880 3430
7310 990 0
2930 7270 200
6930 4290 2930
9840 6350 7730
190 8840 320
9410 240 8100
290 530 2400
1980 480 7300
9820 6580 8480
2230 3540 5730
3220 3540 4290
500 7260 5130
8310 190 8060
4670 1450 8510
7030 5290 8360
7280 3390 2070
1330 9310 1480
1810 130 5300
1920 2140 800
5460 7870 4150
2520 5690 6380
9780 820 3120
3500 8880 7140
4950 920 5460
3760 2800 3650
7150 4870 680
9980 9880 1480
120 8700 2820
2260 9500 8150
3650 3650 70
9340 3550 9050
3680 6680 1570
2570 3820 4880
7010 2800 8380
9810 6450 3330
8200 7140 7090
8080 2140 7760
6780 4960 1260
9810 6640 4900
6980 6710 7160
540 9290 4340
740 4380 7200
8080 9260 890
890 7640 6980
7340 4490 3990
8000 1580 7320
150 2860 5520
8630 4130 3610
5270 9030 3910
5510 9720 3720
4800 7580 710
2700 8300 4770
1970 9190 5510
9610 9690 7110
4110 3680 8000
9210 4520 8870
5600 50 6870
3250 7180 540
5800 1090 9180
5520 8340 4450
6620 2570 3480
4930 7340 8280
7640 6370 990
7340 3480 6480
4540 5010 9610
9070 3880 3720
9120 4270 6460
9820 4820 2060
910 7520 5310
9250 1970 1110
1820 5460 160
2680 7260 300
2570 1770 8750
9580 1770 6400
4590 1390 3740
1990 8630 1800
6260 5090 870
1080 670 3510
8600 5980 3330
4100 620 7770
3080 4300 540
3860 8120 5890
9160 6880 8570
930 3280 1150
2320 540 4250
960 2340 8840
9570 3220 830
250 250 610
9750 7110 1700
370 4880 3820
8190 5420 1440
6320 1310 8040
3200 3410 1910
6480 8080 1070
7020 2330 5520
2880 4690 1370
6100 5520 5850
9880 6130 5420
6990 1350 5670
5390 8700 5430
810 140 9320
5650 8190 1040
9060 3620 7360
660 8210 4080
2990 3730 4080
7680 8620 4620
6720 4470 7500
6370 3420 7130
1250 9090 7010
9950 8040 7520
3610 890 2910
5320 1930 7240
8940 2810 6410
7150 410 8990
4410 4490 9650
3030 9110 6160
1030 130 7360
4450 7260 7600
7060 7790 3980
8630 5310 8750
3040 1740 8700
4970 2510 5830
1300 8920 1160
1710 7920 100
9720 7570 780
8830 7260 8710
8960 4620 1740
9750 2230 6290
1060 6210 4260
6380 8480 1330
1640 7180 3480
4150 6530 6520
3080 7690 1490
4520 1320 6310
2090 2100 1540
9350 810 1260
7500 6070 90
9730 2370 2570
9460 6630 5840
7940 1480 6910
8640 4960 6810
5170 1480 8450
2870 6490 6130
7710 6320 2730
9810 7860 7250
4140 9120 2860
210 2730 5740
6100 5310 3240
6260 4670 2970
1260 1580 5950
9750 8390 7410
1230 370 6050
1250 20 4740
7570 2750 1130
8960 0 8840
8080 2860 2170
820 8600 6310
9650 5360 50
4320 1850 9670
9430 7800 9450
1340 5210 720
5230 4780 470
5250 9530 5220
8000 660 9990
8000 3030 7570
4390 5200 6530
6510 1520 8130
1880 1570 8950
7250 4760 2120
8580 4220 9970
3790 4940 9400
2100 8930 4260
5150 4150 9500
5810 7670 4750
8840 8760 6280
4050 8810 7800
9090 6940 2190
4180 9420 2230
8940 1540 7630
3160 1510 4880
1620 4430 3460
550 8700 780
8230 1720 2880
5900 6470 8030
4660 2750 7360
3470 4080 9730
3930 9790 7300
3350 2020 6390
8420 9650 4090
3450 8060 3030
1410 1520 9720
110 5820 1340
1830 2220 5420
1820 3770 7170
8100 4660 6590
2180 4390 4770
1970 5210 1760
7520 5120 5690
690 9210 2570
8750 5760 990
3800 5480 7960
9620 350 9370
5370 9290 3000
9140 9980 8350
3800 6570 180
1710 4860 1800
6920 6620 7500
2040 5830 2990
4770 8400 510
540 2910 1210
6020 4400 3480
9890 3770 7280
2700 6780 430
2680 5130 5800
9250 8830 4940
7630 4150 2270
4250 1650 7500
90 4650 4430
2010 8680 9990
8450 9890 4770
2850 3380 5310
6620 4180 4850
6920 4610 8270
5580 410 970
4410 8880 3660
8570 4670 6430
3740 2170 4070
8390 6600 1840
600 120 1930
4010 4890 7470
910 3720 9440
5100 8570 2290
9710 6840 2430
3650 1340 9360
6050 5000 4940
720 1430 2870
6410 9020 4960
6540 870 8710
6660 6320 620
5070 3790 1220
8790 3230 5240
880 9040 6150
1250 1480 1250
2590 4360 4490
1110 9300 1660
2540 2170 1230
1570 660 5470
5960 9370 1880
2280 9990 8420
6080 1220 8600
2830 9980 3670
1880 6130 5980
6880 910 6870
1240 8920 1640
4060 4100 4230
9750 5330 5340
410 800 1400
9780 6200 6490
9780 4630 2450
4520 6750 4740
4500 430 4340
4150 6410 7170
5060 6800 2570
7500 8440 2970
1600 2670 4210
450 1530 8270
4770 2940 8030
980 9430 8440
9130 5410 8230
5880 150 1530
9830 4490 9570
6250 5180 4070
6570 1280 1740
5020 4250 6810
1210 8470 7830
2750 260 2960
9210 8290 3410
2160 260 8190
7570 2010 2690
1240 3540 1820
9250 3110 1220
4440 700 1060
9240 2440 830
3490 2770 7400
5480 4130 5940
5750 7090 7160
7560 4020 3430
1340 2210 2640
3350 8420 4800
410 3760 5900
7040 4990 7140
7740 9570 9920
3710 400 4360
6480 1320 3600
610 7270 610
1220 7950 9620
5250 1380 8890
980 4020 9970
9410 2340 1320
3170 1760 4670
1680 2430 8610
1250 2350 5650
5170 230 6920
20 7350 630
810 7960 630
8760 1100 1250
140 9990 2470
7680 9970 7720
20 1290 8710
5310 9480 1640
7740 1610 8330
90 7270 20
