32 419 479
767 482 349
915 545 351
26 22 432
377 622 660
374 746 674
855 969 442
156 133 796
317 967 327
44 321 101
815 800 462
649 149 846
547 852 965
569 284 233
543 944 611
642 970 988
611 764 363
97 561 570
416 240 726
737 694 44
537 508 440
39 355 256
891 672 905
528 905 452
824 516 374
795 505 269
911 220 911
472 790 523
65 869 972
759 913 388
267 353 125
974 961 14
647 867 405
552 671 297
421 45 177
926 667 1
498 578 148
640 101 60
509 425 884
774 813 949
128 290 60
89 305 680
308 62 654
980 711 301
377 888 206
44 242 627
975 390 905
428 802 755
854 687 395
667 988 905
958 401 31
615 81 159
677 735 601
389 389 261
629 947 593
871 926 323
614 831 719
416 586 694
455 333 123
796 590 977
197 622 996
630 133 954
717 86 921
458 348 951
405 293 692
331 616 321
514 336 545
100 382 159
786 505 927
376 834 735
998 831 883
132 137 80
218 59 62
918 10 779
212 54 238
180 375 995
868 920 327
251 79 841
756 359 294
591 94 80
774 977 456
911 409 807
322 471 291
684 602 861
738 192 780
114 188 344
386 515 524
818 708 393
177 2 644
623 82 752
952 891 695
361 698 469
184 989 381
138 850 703
331 982 740
519 678 478
386 555 944
94 300 331
449 944 149
883 48 326
774 744 301
824 213 253
165 946 614
368 2 150
702 742 288
381 572 971
936 517 842
236 848 228
532 997 675
580 675 124
676 976 7
242 581 134
188 195 958
542 697 476
284 337 844
857 309 898
726 151 279
574 732 215
571 407 451
598 531 335
926 890 916
507 24 944
54 335 186
751 811 727
440 7 269
749 905 906
253 185 115
985 752 841
392 556 415
275 891 338
165 159 288
190 104 214
525 642 721
688 369 127
47 991 878
952 249 318
489 364 420
594 557 673
150 324 10
393 14 402
553 302 677
9 868 842
3 941 384
725 68 909
716 298 949
965 616 996
681 388 301
590 413 790
914 423 736
280 825 886
582 854 280
450 49 185
391 433 546
811 695 549
109 644 274
77 993 342
466 294 659
231 436 692
655 173 282
832 411 548
687 43 828
88 228 762
521 126 212
568 676 955
565 302 766
910 645 227
204 304 305
992 997 123
517 279 354
929 180 9
324 8 842
905 771 881
31 335 321
707 643 194
10 761 763
7 989 680
311 294 590
308 417 146
940 771 138
120 133 8
128 327 937
251 560 613
587 881 518
230 75 550
991 190 609
332 870 971
626 812 978
395 958 290
519 97 950
652 105 890
331 394 362
891 7 491
124 878 94
199 428 681
742 37 263
964 361 607
777 339 939
735 629 918
184 580 313
641 822 832
387 185 836
747 28 167
625 122 58
405 156 182
794 419 734
155 378 828
495 318 792
476 236 921
408 901 9
231 734 545
768 570 539
796 738 278
270 148 25
426 683 2
198 769 407
928 597 554
598 741 709
834 663 556
736 24 33
822 569 793
744 460 376
834 739 144
983 116 292
18 119 915
787 878 693
384 432 891
125 494 172
140 50 770
516 435 605
438 229 693
898 605 867
989 102 611
106 394 446
577 309 781
455 3 799
240 246 586
734 418 322
784 541 799
220 498 292
449 191 808
406 410 246
508 21 497
255 819 486
916 952 592
271 751 169
870 689 977
640 11 217
181 163 951
679 455 87
222 615 659
632 214 460
6 711 867
177 549 727
130 494 982
233 15 899
275 992 522
638 561 392
801 864 33
608 952 566
224 963 246
438 424 468
501 291 453
50 18 811
544 353 988
912 604 470
904 126 56
818 871 331
682 256 969
986 822 771
950 68 379
726 889 955
17 694 393
387 505 894
92 845 297
696 668 193
175 724 105
398 55 362
654 24 180
476 147 214
897 879 553
138 834 503
832 228 229
689 474 598
886 123 337
906 317 430
630 774 478
37 488 5
414 20 403
561 235 57
440 788 886
275 643 783
855 224 273
681 174 457
805 511 146
474 293 384
248 124 291
89 129 273
109 885 663
696 294 77
836 180 990
831 315 783
55 940 58
229 397 265
93 895 946
738 280 751
214 923 577
696 196 178
581 859 267
227 288 376
760 279 425
427 62 261
368 472 93
765 89 500
661 35 730
941 139 175
216 716 265
764 894 480
624 513 176
264 890 109
543 667 336
957 928 96
781 21 524
870 522 244
906 604 9
397 131 22
465 748 315
712 228 531
225 756 296
467 217 272
134 554 536
63 2 432
436 878 389
310 474 171
266 484 393
397 506 651
498 822 48
726 705 514
835 1 578
52 273 803
958 162 271
313 594 405
543 335 468
18 858 257
854 252 567
712 903 834
534 304 583
592 170 81
593 748 160
219 551 347
381 822 751
327 228 62
662 48 727
521 657 270
125 225 640
28 411 494
332 346 207
502 780 93
250 940 685
802 639 631
976 390 202
556 452 935
957 531 262
614 802 276
839 794 149
602 289 274
949 848 303
729 293 987
21 979 490
660 962 92
402 516 246
207 451 223
738 65 131
892 341 88
687 491 703
976 765 894
176 420 497
469 408 798
800 250 879
762 342 900
278 941 912
81 516 314
146 647 873
488 736 612
331 439 504
448 685 191
221 182 519
629 332 695
231 211 165
925 463 317
866 727 80
382 394 710
30 267 144
118 879 290
909 736 130
594 279 461
129 799 262
461 494 483
25 11 464
488 329 695
216 761 620
610 823 839
229 967 573
461 610 955
197 740 73
476 554 982
627 168 929
474 651 58
837 467 871
166 162 896
279 134 737
455 973 953
422 899 915
32 854 496
125 928 957
679 262 506
199 191 335
850 601 962
317 473 436
831 369 274
965 106 792
291 411 424
190 678 879
44 175 301
324 484 686
587 991 163
130 326 194
732 640 393
205 429 243
926 55 912
385 847 743
796 271 60
827 150 703
2 804 893
838 842 290
181 5 966
859 199 905
500 592 36
929 835 120
984 99 677
183 842 955
807 254 340
309 958 137
113 203 964
955 493 318
312 460 508
511 717 690
103 753 549
290 225 49
389 254 330
583 210 666
838 550 202
148 39 9
351 3 318
197 673 784
657 182 91
726 872 404
480 773 915
57 175 371
312 505 13
874 524 755
424 726 690
464 735 880
819 405 28
845 189 380
27 633 577
251 37 586
376 304 312
551 27 144
57 41 554
933 148 218
659 838 92
746 71 516
151 99 332
693 831 152
326 760 997
715 698 376
371 363 979
399 507 355
792 413 907
940 631 316
130 723 249
201 240 908
653 572 654
484 76 157
245 425 202
295 801 880
658 780 595
518 488 967
931 395 718
563 711 510
286 312 802
878 220 284
803 226 486
231 735 139
657 938 975
458 170 572
591 766 868
79 85 526
474 155 44
537 665 328
849 819 891
421 103 529
999 941 760
734 432 563
24 408 794
195 332 451
313 552 262
750 431 853
905 475 932
922 155 758
741 46 647
196 928 496
138 688 269
922 603 268
682 397 354
15 201 379
567 463 926
350 668 591
178 952 341
333 710 598
380 709 520
660 557 613
348 826 161
951 94 651
700 448 574
901 179 256
716 105 623
384 696 543
336 389 893
398 987 71
459 859 405
16 824 137
842 338 797
288 989 497
89 915 448
620 524 148
726 499 402
774 42 470
516 288 855
855 711 543
67 116 294
891 605 753
581 754 770
571 251 964
486 51 605
362 552 46
862 954 666
904 424 744
544 631 871
256 527 387
724 821 242
330 926 661
436 48 553
688 365 134
91 970 57
643 16 896
597 682 258
374 427 120
5 298 377
884 37 273
57 631 529
984 293 254
384 198 936
749 332 372
719 742 412
87 638 504
122 248 147
549 721 97
199 450 471
588 723 828
219 253 713
512 859 770
710 795 754
395 519 491
489 932 240
479 436 312
727 935 399
800 32 521
250 503 422
974 332 973
579 45 561
438 167 781
585 922 293
104 413 356
36 5 751
824 317 592
760 717 71
792 590 798
296 13 951
980 986 201
377 548 527
544 681 458
818 326 896
583 682 833
589 785 938
906 377 326
975 448 503
566 599 263
931 550 407
269 103 55
817 631 35
498 89 412
825 338 309
859 171 127
645 461 63
374 140 652
823 643 910
774 906 238
324 313 156
427 721 87
410 756 356
852 521 526
190 830 376
713 309 553
527 372 413
667 376 410
310 639 784
568 877 959
233 385 85
954 472 761
63 180 541
584 58 951
766 435 803
427 988 345
152 753 411
528 515 290
519 652 957
396 963 619
781 49 539
605 810 772
138 351 79
196 655 142
631 810 78
972 508 196
725 271 623
593 561 127
245 518 656
208 489 175
257 28 924
420 152 57
771 583 15
778 77 153
941 155 349
449 703 981
720 679 305
281 806 382
151 462 975
992 990 220
20 266 429
524 323 38
460 338 458
537 843 582
45 193 712
748 526 653
427 831 102
234 565 174
48 541 455
390 113 958
656 894 950
332 933 322
22 743 847
866 677 659
411 390 196
937 43 241
120 146 990
37 672 769
578 128 355
692 86 404
938 389 794
871 711 803
967 910 487
644 569 509
34 766 727
78 359 490
576 701 779
248 471 251
728 826 289
167 582 867
556 729 911
267 532 850
530 371 73
99 232 40
217 960 685
929 802 719
630 582 149
453 833 725
632 122 326
214 342 54
295 253 573
179 455 129
550 529 749
783 569 631
95 606 82
897 326 652
479 475 581
665 553 563
787 879 17
129 285 1
735 859 567
190 340 863
71 441 42
993 72 593
599 155 728
925 807 823
753 740 72
658 303 904
889 672 569
526 673 708
737 241 190
78 456 277
871 498 467
944 443 891
451 171 884
610 346 483
350 771 761
653 675 866
678 596 524
351 304 765
944 846 291
400 123 29
251 943 459
694 834 330
218 70 274
564 905 77
687 18 687
362 884 37
958 760 43
615 525 721
813 169 424
937 198 369
880 657 121
66 339 372
136 966 419
393 43 637
412 731 553
296 120 241
409 515 603
286 588 914
455 13 881
5 734 46
14 207 983
354 580 215
320 351 633
363 988 121
446 541 515
919 134 927
786 738 575
375 4 984
740 237 623
826 283 430
33 619 436
965 186 802
316 820 156
656 941 828
198 456 544
332 735 342
422 311 613
778 647 400
367 270 127
3 701 867
622 489 693
808 643 726
980 152 44
922 980 360
730 876 17
466 219 567
777 832 251
776 584 26
47 711 156
100 578 876
941 623 879
936 702 853
88 746 661
421 106 994
297 475 916
868 394 998
701 998 464
637 24 593
349 532 722
279 408 769
903 287 221
605 140 514
351 154 450
809 148 891
637 416 312
31 414 961
381 231 830
405 176 883
290 898 520
698 19 221
338 592 501
478 458 404
984 261 361
484 152 712
252 816 873
19 777 862
602 607 894
778 490 275
29 363 33
400 584 323
345 85 373
803 841 711
416 202 542
568 266 878
736 492 363
514 354 615
121 600 986
964 228 588
327 261 367
911 936 748
349 661 500
190 373 845
745 267 1
11 145 417
503 508 986
858 476 722
810 462 588
38 51 62
651 770 26
587 870 705
249 370 616
974 216 317
241 217 508
386 634 605
247 972 616
75 47 472
889 635 682
292 697 492
62 75 883
932 780 534
303 749 122
871 66 723
88 926 49
74 531 290
47 500 28
94 324 627
81 358 702
779 202 944
854 85 236
987 620 299
736 94 583
802 817 238
81 218 109
612 860 549
464 888 624
140 868 671
498 570 117
701 514 550
786 103 681
406 402 888
500 337 875
669 576 611
887 37 765
747 587 846
988 563 811
856 586 275
426 703 768
293 605 266
396 287 967
150 175 754
839 50 512
415 13 13
805 778 682
392 625 922
955 788 669
541 415 657
596 183 513
553 450 292
840 417 937
15 523 333
417 36 835
430 401 674
209 83 442
186 5 247
974 27 991
389 684 298
573 550 191
375 842 139
792 779 692
668 464 533
704 651 900
105 325 670
540 119 100
898 366 661
925 709 847
961 359 173
511 550 915
705 41 840
484 734 215
300 619 7
951 871 27
629 541 731
748 994 188
467 655 81
176 855 979
536 380 256
438 295 217
480 135 81
566 350 786
537 710 623
408 737 923
302 821 227
296 361 856
303 442 956
510 773 423
891 29 952
538 599 840
674 680 278
376 466 110
438 441 28
176 365 565
349 944 326
710 800 628
505 756 276
278 532 579
660 484 442
259 324 333
291 954 871
109 65 897
551 445 626
268 11 64
212 337 240
364 317 941
472 593 4
4 524 509
840 966 139
164 651 799
471 875 410
536 124 53
333 750 163
344 815 66
33 407 334
702 349 898
295 353 614
172 214 86
490 353 443
494 505 635
369 915 800
493 321 271
596 484 159
411 550 492
170 236 189
871 486 222
576 100 925
790 538 572
144 333 96
1 969 587
268 121 81
589 744 802
73 255 647
975 99 243
563 288 6
49 863 177
501 140 48
40 64 625
725 161 415
694 100 911
167 533 264
911 687 533
166 334 122
266 578 548
906 584 875
769 113 439
261 162 488
326 139 342
839 906 382
291 170 459
824 434 506
511 319 673
197 794 937
775 694 103
712 569 721
177 360 980
691 849 101
830 543 363
89 925 41
259 736 880
45 242 171
365 916 347
511 853 210
205 308 407
774 382 535
135 362 599
336 463 776
879 178 468
156 219 298
892 99 387
135 622 998
403 321 44
256 531 761
916 291 272
298 178 829
12 777 603
476 553 90
654 21 778
226 672 657
677 411 165
300 762 410
973 158 897
857 919 300
